195682
195724
195725
195726
195727
195760
195761
195765
195767
195783
195787
195829
195830
195831
195867
195869
195871
195872
195873
195935
195949
195950
195954
195955
195958
195989
195994
196000
196006
196085
196089
196090
196091
196107
196185
196187
196194
196197
196199
196200
196201
196203
196208
196214
196308
196309
196310
196474
196475
196477
196528
196535
196563
196564
196566
196568
196601
196605
196608
196646
196648
196701
196702
196703
196706
196714
196720
196721
196722
196772
196773
196774
196869
196870
196874
196876
196965
196967
196972
196973
196974
197003
197011
197012
197015
197027
197031
197089
197090
197091
197092
197094
197098
197099
197138
197139
197142
197143
197144
197145
197147
197148
197150
197152
197153
197184
197247
197254
197255
197256
197258
197260
197296
197297
197298
197299
197300
197302
197341
197342
197348
197351
197387
197388


