0.625   4.740e+00   7.554e-03   6.049e-01
0.875   1.254e+00   2.176e-03   9.424e-02
1.250   2.102e-01   4.796e-04   1.471e-02
1.750   2.645e-02   1.123e-04   2.016e-03
2.250   4.379e-03   3.646e-05   3.688e-04
2.250   8.951e-04   1.372e-05   8.225e-05
3.250   2.098e-04   3.366e-06   2.124e-05
3.750   5.531e-05   1.571e-06   5.918e-06
4.250   1.660e-05   7.935e-07   1.853e-06
4.750   5.298e-06   4.179e-07   6.086e-07
5.250   1.842e-06   2.153e-07   2.179e-07
5.750   8.402e-07   1.336e-07   1.039e-07
6.250   3.288e-07   8.120e-08   4.050e-08
6.750   2.102e-07   6.815e-08   2.670e-08
