2.00E+00	1.33E+08	1.82E+08	1.67E+08
4.00E+00	9.17E+06	6.30E+06	4.80E+06
6.00E+00	1.03E+06	6.87E+05	5.22E+05
8.00E+00	1.96E+05	1.34E+05	1.03E+05
1.00E+01	5.17E+04	3.70E+04	2.85E+04
1.20E+01	1.73E+04	1.27E+04	9.82E+03
1.40E+01	6.75E+03	5.07E+03	3.96E+03
1.60E+01	2.95E+03	2.27E+03	1.78E+03
1.80E+01	1.42E+03	1.11E+03	8.78E+02
2.00E+01	7.32E+02	5.86E+02	4.63E+02
2.20E+01	4.04E+02	3.26E+02	2.58E+02
2.40E+01	2.33E+02	1.90E+02	1.52E+02
2.60E+01	1.40E+02	1.16E+02	9.26E+01
2.80E+01	8.70E+01	7.29E+01	5.83E+01
3.00E+01	5.59E+01	4.74E+01	3.80E+01
3.20E+01	3.71E+01	3.15E+01	2.54E+01
3.40E+01	2.49E+01	2.15E+01	1.73E+01
3.60E+01	1.72E+01	1.50E+01	1.21E+01
3.80E+01	1.21E+01	1.06E+01	8.57E+00
4.00E+01	8.70E+00	7.62E+00	6.20E+00
4.20E+01	6.35E+00	5.58E+00	4.54E+00
4.40E+01	4.68E+00	4.14E+00	3.37E+00
4.60E+01	3.49E+00	3.11E+00	2.53E+00
4.80E+01	2.64E+00	2.36E+00	1.93E+00
5.00E+01	2.02E+00	1.81E+00	1.48E+00
5.20E+01	1.56E+00	1.41E+00	1.15E+00
5.40E+01	1.22E+00	1.10E+00	8.98E-01
5.60E+01	9.56E-01	8.66E-01	7.09E-01
5.80E+01	7.57E-01	6.88E-01	5.64E-01
6.00E+01	6.04E-01	5.50E-01	4.51E-01
6.20E+01	4.85E-01	4.43E-01	3.64E-01
6.40E+01	3.93E-01	3.60E-01	2.96E-01
6.60E+01	3.21E-01	2.94E-01	2.42E-01
6.80E+01	2.63E-01	2.41E-01	1.98E-01
7.00E+01	2.16E-01	1.99E-01	1.64E-01
7.20E+01	1.79E-01	1.65E-01	1.36E-01
7.40E+01	1.49E-01	1.37E-01	1.13E-01
7.60E+01	1.25E-01	1.15E-01	9.50E-02
7.80E+01	1.04E-01	9.66E-02	7.98E-02
8.00E+01	8.79E-02	8.15E-02	6.75E-02
8.20E+01	7.45E-02	6.91E-02	5.72E-02
8.40E+01	6.33E-02	5.88E-02	4.87E-02
8.60E+01	5.39E-02	5.02E-02	4.15E-02
8.80E+01	4.62E-02	4.30E-02	3.56E-02
9.00E+01	3.97E-02	3.69E-02	3.06E-02
9.20E+01	3.41E-02	3.18E-02	2.64E-02
9.40E+01	2.95E-02	2.75E-02	2.28E-02
9.60E+01	2.56E-02	2.39E-02	1.98E-02
9.80E+01	2.22E-02	2.07E-02	1.72E-02
1.00E+02	1.94E-02	1.81E-02	1.50E-02
1.02E+02	1.69E-02	1.58E-02	1.31E-02
1.04E+02	1.48E-02	1.38E-02	1.15E-02
1.06E+02	1.30E-02	1.22E-02	1.01E-02
1.08E+02	1.14E-02	1.07E-02	8.90E-03
1.10E+02	1.01E-02	9.43E-03	7.85E-03
1.12E+02	8.88E-03	8.35E-03	6.94E-03
1.14E+02	7.88E-03	7.39E-03	6.15E-03
1.16E+02	6.99E-03	6.57E-03	5.46E-03
1.18E+02	6.21E-03	5.83E-03	4.85E-03
1.20E+02	5.54E-03	5.20E-03	4.33E-03
1.22E+02	4.93E-03	4.63E-03	3.86E-03
1.24E+02	4.41E-03	4.13E-03	3.45E-03
1.26E+02	3.95E-03	3.71E-03	3.09E-03
1.28E+02	3.54E-03	3.32E-03	2.77E-03
1.30E+02	3.18E-03	2.99E-03	2.49E-03
1.32E+02	2.86E-03	2.69E-03	2.24E-03
1.34E+02	2.58E-03	2.42E-03	2.02E-03
1.36E+02	2.32E-03	2.18E-03	1.82E-03
1.38E+02	2.10E-03	1.97E-03	1.65E-03
1.40E+02	1.90E-03	1.78E-03	1.49E-03
1.42E+02	1.72E-03	1.62E-03	1.35E-03
1.44E+02	1.56E-03	1.47E-03	1.22E-03
1.46E+02	1.42E-03	1.33E-03	1.11E-03
1.48E+02	1.29E-03	1.21E-03	1.01E-03
1.50E+02	1.17E-03	1.10E-03	9.22E-04
1.52E+02	1.07E-03	1.01E-03	8.40E-04
1.54E+02	9.73E-04	9.16E-04	7.66E-04
1.56E+02	8.90E-04	8.38E-04	7.00E-04
1.58E+02	8.14E-04	7.66E-04	6.40E-04
1.60E+02	7.46E-04	7.00E-04	5.86E-04
1.62E+02	6.83E-04	6.42E-04	5.37E-04
1.64E+02	6.27E-04	5.89E-04	4.92E-04
1.66E+02	5.76E-04	5.41E-04	4.52E-04
1.68E+02	5.29E-04	4.97E-04	4.15E-04
1.70E+02	4.87E-04	4.57E-04	3.82E-04
1.72E+02	4.48E-04	4.20E-04	3.51E-04
1.74E+02	4.13E-04	3.87E-04	3.24E-04
1.76E+02	3.80E-04	3.57E-04	2.98E-04
1.78E+02	3.51E-04	3.29E-04	2.75E-04
1.80E+02	3.24E-04	3.04E-04	2.54E-04
1.82E+02	3.00E-04	2.81E-04	2.35E-04
1.84E+02	2.77E-04	2.60E-04	2.18E-04
1.86E+02	2.57E-04	2.41E-04	2.01E-04
1.88E+02	2.38E-04	2.23E-04	1.87E-04
1.90E+02	2.21E-04	2.07E-04	1.73E-04
1.92E+02	2.05E-04	1.92E-04	1.61E-04
1.94E+02	1.90E-04	1.79E-04	1.49E-04
1.96E+02	1.77E-04	1.66E-04	1.38E-04
1.98E+02	1.64E-04	1.54E-04	1.29E-04
2.00E+02	1.53E-04	1.43E-04	1.20E-04
2.02E+02	1.43E-04	1.34E-04	1.11E-04
2.04E+02	1.33E-04	1.24E-04	1.04E-04
2.06E+02	1.24E-04	1.16E-04	9.67E-05
2.08E+02	1.16E-04	1.08E-04	9.03E-05
2.10E+02	1.08E-04	1.01E-04	8.41E-05
2.12E+02	1.01E-04	9.44E-05	7.86E-05
2.14E+02	9.43E-05	8.82E-05	7.34E-05
2.16E+02	8.81E-05	8.24E-05	6.86E-05
2.18E+02	8.24E-05	7.72E-05	6.42E-05
2.20E+02	7.72E-05	7.22E-05	6.01E-05
2.22E+02	7.23E-05	6.77E-05	5.63E-05
2.24E+02	6.78E-05	6.34E-05	5.28E-05
2.26E+02	6.36E-05	5.94E-05	4.95E-05
2.28E+02	5.96E-05	5.57E-05	4.63E-05
2.30E+02	5.59E-05	5.22E-05	4.35E-05
2.32E+02	5.26E-05	4.91E-05	4.08E-05
2.34E+02	4.94E-05	4.61E-05	3.83E-05
2.36E+02	4.64E-05	4.33E-05	3.60E-05
2.38E+02	4.37E-05	4.07E-05	3.38E-05
2.40E+02	4.11E-05	3.83E-05	3.18E-05
2.42E+02	3.87E-05	3.61E-05	2.99E-05
2.44E+02	3.64E-05	3.40E-05	2.82E-05
2.46E+02	3.43E-05	3.20E-05	2.65E-05
2.48E+02	3.24E-05	3.02E-05	2.50E-05
2.50E+02	3.05E-05	2.85E-05	2.36E-05
