
    111  pi0              void               1   0   0    0.13498    0.00000    0.00000    0.00000  2.55313e-05 0
                    1   0.9882300    0       22       22 
                    1   0.0117400   11       22       11      -11 
                    1   0.0000300   13       11      -11       11      -11 

     221  eta              void               1   0   0    0.54785    0.00000    0.00000    0.00000  1.51000e-07
                    1   0.3940740    0       22       22 
                    1   0.3267770    0      111      111      111 
                    1   0.0002560    0      111       22       22 
                    1   0.2291890    0      211     -211      111 
                    1   0.0421990    0      211     -211       22 
                    1   0.0068990   11       22       11      -11 
                    1   0.0003090   11       22       13      -13 
                    1   0.0000060    0       13      -13
                    1   0.0000240   13      -11       11      -11       11  
                    1   0.0002670   12      211     -211       11      -11 

     331  eta'             void               1   0   0    0.95778    0.00020    0.95578    0.95978  0.00000e+00
                    1   0.428744     0      211      -211       221
                    1   0.290822     0       22       113
                    1   0.221809     0      111       111       221
                    1   0.027458     0       22       223
                    1   0.000200     0      223        11       -11
                    1   0.021980     0       22        22
                    1   0.002136     0      111       111       111
                    1   0.000108     0       22        13       -13
                    1   0.003794     0      211      -211       111
                    1   0.000001     0      211      -211       211     -211
                    1   0.000180     0      211      -211       111      111
                    1   0.002384     0      211      -211        11      -11
                    1   0.000384     0       22        11       -11

     333  phi              void               3   0   0    1.01946    0.00426    1.00000    1.04000  0.00000e+00
                    1   0.489092     2       321      -321         0         0         0
                    1   0.342092     2       130       310         0         0         0
                    1   0.042259     0       213      -211         0         0         0
                    1   0.042259     0      -213       211         0         0         0
                    1   0.042259     0       113       111         0         0         0
                    1   0.026534     1       211      -211       111         0         0
                    1   0.013108     0       221        22         0         0         0
                    1   0.001274     0       111        22         0         0         0
                    1   0.000291     0        11       -11         0         0         0
                    1   0.000283     0        13       -13         0         0         0
                    1   0.000108    11       221       -11        11         0         0
                    1   0.000075     0       211      -211         0         0         0
                    1   0.000047     0       223       111         0         0         0
                    1   0.000041     0      -211       211        22         0         0
                    1   0.000113     0       111       111        22         0         0
                    1   0.000004     0      -211       211      -211       211         0
                    1   0.000011     0       111       -11        11         0         0
                    1   0.000073     0       111       221        22         0         0
                    1   0.000063     0       331        22         0         0         0
                    1   0.000014     0       -13        13        22         0         0

     223  omega            void               3   0   0    0.78265    0.00849    0.50000    1.10000  0.00000e+00
                    1   0.899500    1      211     -211      111 
                    1   0.083500    0      111       22 
                    1   0.015380    2      211     -211 
                    1   0.000460    0      221       22 
                    1   0.000770   11      111       11      -11 
                    1   0.000140   11      111       13      -13 
                    1   0.000080    0       11      -11 
                    1   0.000100    0       13      -13 
                    1   0.000070    0      111      111       22 

     113  rho0             void               3   0   0    0.77549    0.14910    0.30000    1.50000  0.00000e+00
                    1   0.988927     22     211     -211
                    1   0.009900     0      211     -211        22
                    1   0.000600     0      111       22
                    1   0.000300     0      221       22
                    1   0.000045     0      111      111        22
                    1   0.000047     0       11      -11
                    1   0.000046     0       13      -13
                    1   0.000101     0      211     -211       111
                    1   0.000018     0     -211      211      -211       211
                    1   0.000016     0     -211      211       111       111

     130  K_L0             void               1   0   0    0.49761    0.00000    0.00000    0.00000  1.53300e+04
                    1   0.201367    22      -12       11      211
                    1   0.201367    22       12      -11     -211
                    1   0.134809    22      -14       13      211
                    1   0.134809    22       14      -13     -211
                    1   0.000025    22       11      -12      211       111
                    1   0.000025    22      -11       12     -211       111
                    1   0.000006    22      211       11      -12       -11       11
                    1   0.000006    22     -211      -11       12        11      -11
                    1   0.194636     0      111      111      111
                    1   0.125038     0      211     -211      111
                    1   0.001967     0      211     -211
                    1   0.000863     0      111      111
                    1   0.001994    22      211       11      -12        22
                    1   0.001994    22     -211      -11       12        22
                    1   0.000246    22      211       13      -14        22
                    1   0.000246    22     -211      -13       14        22
                    1   0.000042     0     -211      211       22
                    1   0.000001     0      111       22       22
                    1   0.000550     0       22       22
                    1   0.000009     0      -11       11       22

     310  K_S0             void               1   0   0    0.49761    0.00000    0.00000    0.00000  2.68420e+01
                    1   0.306540     0      111      111
                    1   0.690449     0      211     -211
                    1   0.001787     0      211     -211       22
                    1   0.000047    12      211     -211       11      -11
                    1   0.000003     0       22       22
                    1   0.000352    22      -12       11      211
                    1   0.000352    22       12      -11     -211
                    1   0.000235    22       13      -14      211
                    1   0.000235    22      -13       14     -211

    3212  Sigma0           Sigmabar0          2   0   0    1.19264    0.00000    0.00000    0.00000  2.22000e-08
                    1   1.000000     0     3122       22 

    2114  Delta0           Deltabar0          4   0   0    1.23200    0.11700    1.08000    1.60000  0.00000e+00
                    1   0.331000     0     2212     -211 
                    1   0.663000     0     2112      111 
                    1   0.006000     0     2112       22 

    2214  Delta+           Deltabar-          4   3   0    1.23200    0.11700    1.08000    1.60000  0.00000e+00
                    1   0.663000     0     2212      111 
                    1   0.331000     0     2112      211 
                    1   0.006000     0     2212       22 

    3122  Lambda0          Lambdabar0         2   0   0    1.11568    0.00000    0.00000    0.00000  7.89000e+01
                    1   0.638421     0     2212     -211 
                    1   0.358000     0     2112      111 
                    1   0.001750     0     2112       22 
                    1   0.000840     0     2212     -211       22 
                    1   0.000832    22      -12       11     2212 
                    1   0.000157    22      -14       13     2212 

